$ 1 0.000005 0.9487735836358526 67 5 43 5e-11
r 176 80 176 176 0 1000000
r 176 176 176 272 0 1425000
r 176 368 176 464 0 925000
r 176 272 176 368 0 900000
w 272 176 176 176 2
w 272 272 176 272 2
w 272 464 176 464 2
w 272 368 176 368 2
r 176 464 176 560 0 458000
w 272 432 272 336 0
w 272 336 272 240 0
w 272 144 272 80 0
R 176 80 176 0 0 0 40 5 0 0 0.5
R 272 80 272 0 0 0 40 2.65 0 0 0.5
w 272 528 272 432 0
w 272 560 176 560 2
w 272 624 272 528 0
w 272 656 176 656 2
r 176 656 176 560 0 105000
r 176 752 176 656 0 48000
g 176 752 176 768 0 0
a 272 640 400 640 9 5 0 1000000 0.049372557091587055 2.65 100000
a 272 544 400 544 9 5 0 1000000 0.1573750257133355 2.65 100000
a 272 448 400 448 9 5 0 1000000 0.6284715079107883 2.65 100000
a 272 352 400 352 9 5 0 1000000 1.5799218267797954 2.65 100000
a 272 256 400 256 9 5 0 1000000 2.505657272173778 2.65 100000
a 272 160 400 160 9 5 0 1000000 3.97140506069062 2.65 100000
w 272 240 272 144 0
165 624 -144 672 -144 6 0
R 688 -208 688 -256 0 0 40 5 0 0 0.5
w 688 -176 752 -176 0
w 752 -176 752 -112 0
r 544 -144 544 -208 0 10000
r 480 -128 480 -208 0 47000
t 480 -128 544 -128 0 -1 1.5801104990039994 -0.5365030147663585 100 default
w 592 -48 544 -48 0
w 544 -48 544 -112 0
w 624 -16 544 -16 0
w 544 -16 544 -48 0
c 544 -16 544 32 0 4.7000000000000004e-8 1.8538415005791373 0.001
g 544 32 544 48 0 0
w 544 32 480 32 0
r 480 32 480 -128 0 100000
w 544 32 688 32 0
w 720 32 720 16 0
w 688 32 720 32 0
r 624 -112 544 -112 0 4700
w 480 -208 544 -208 0
w 544 -208 688 -208 0
w 688 -176 688 -208 0
O 752 -80 784 -80 0 0
w 592 -48 624 -48 0
w 592 -48 592 128 0
w 592 128 672 128 0
O 800 144 912 144 0 0
r 400 160 464 160 0 10000
r 400 256 464 256 0 9900
r 464 256 464 304 0 10000
g 464 304 464 320 0 0
w 672 256 672 160 0
g 464 400 464 416 0 0
r 464 352 464 400 0 10000
r 400 352 464 352 0 12800
r 400 448 464 448 0 16600
r 464 448 464 496 0 10000
g 464 496 464 512 0 0
r 400 544 464 544 0 19080
r 464 544 464 592 0 10000
g 464 592 464 608 0 0
r 400 640 464 640 0 19703
r 464 640 464 688 0 10000
g 464 688 464 704 0 0
w 672 640 672 544 0
w 672 544 672 448 0
w 672 448 672 352 0
w 672 352 672 256 0
a 672 144 800 144 8 5 0 1000000 1.8538415005791373 2.466070337791486 100000
d 464 640 672 640 2 1N5712
d 464 544 672 544 2 1N5712
d 464 448 672 448 2 1N5712
d 464 352 672 352 2 1N5712
d 464 256 672 256 2 1N5712
d 464 160 576 160 2 1N5712
w 576 160 672 160 2
o 54 2 0 45066 5.000082092991775 0.0001 0 1
o 83 2 0 4099 5 0.00009765625 1 2 83 3
o 39 1 0 4099 5 0.00078125 2 2 39 3
38 13 F1 0 0 5 -1 Voltage
