$ 1 0.000005 10.20027730826997 50 5 43 5e-11
r 256 112 256 208 0 1000000
r 256 208 256 304 0 356000
r 256 400 256 496 0 181000
r 256 304 256 400 0 203000
w 352 208 256 208 2
w 352 304 256 304 2
w 352 496 256 496 2
w 352 400 256 400 2
r 256 496 256 592 0 71000
w 352 464 352 368 0
w 352 368 352 272 0
w 352 176 352 112 0
R 256 112 256 32 0 0 40 1.65 0 0 0.5
R 352 112 352 32 0 0 40 0.5609999999999999 0 0 0.5
r 944 448 784 448 0 1000
w 784 368 736 368 0
w 736 368 736 416 0
w 736 416 736 464 0
r 736 464 624 464 0 1000
r 736 416 624 416 0 1000
r 736 368 624 368 0 1000
R 624 368 608 368 0 0 40 1 0 0 0.5
R 624 416 608 416 0 0 40 1 0 0 0.5
R 624 464 608 464 0 0 40 1 0 0 0.5
O 944 384 1024 384 1 0
a 784 384 944 384 9 15 0 1000000 1.000054998900022 1 100000
g 784 512 784 528 0 0
w 352 560 352 464 0
w 352 592 256 592 2
w 352 656 352 560 0
w 352 688 256 688 2
r 256 688 256 592 0 12000
r 256 784 256 688 0 4000
g 256 784 256 800 0 0
a 352 672 480 672 9 5 0 1000000 0.0036124794755565404 0.5609999999999999 100000
a 352 576 480 576 9 5 0 1000000 0.014449917902226161 0.5609999999999999 100000
a 352 480 480 480 9 5 0 1000000 0.07857142857226052 0.5609999999999999 100000
a 352 384 480 384 9 5 0 1000000 0.24203612479567482 0.5609999999999999 100000
a 352 288 480 288 9 5 0 1000000 0.42536945812798876 0.5609999999999999 100000
a 352 192 480 192 9 5 0 1000000 0.7468801313654667 0.5609999999999999 100000
w 352 272 352 176 0
r 784 512 784 448 0 1000
w 784 448 784 400 0
w 944 448 944 384 0
o 10 64 0 4099 2.5 0.00009765625 0 2 10 3
38 13 F1 0 0 1.65 -1 Voltage
